0 0.545454545455 0.5
1 0.727272727273 0.454545454545
2 0.409090909091 0.5
3 0.454545454545 0.272727272727
4 0.454545454545 0.3636363636360 0.272727272727 0.227272727273
1 0.363636363636 0.363636363636
2 0.272727272727 0.272727272727
3 0.409090909091 0.409090909091
4 0.272727272727 0.181818181818
5 0.409090909091 0.318181818182
0 0.363636363636 0.272727272727
1 0.318181818182 0.181818181818
2 0.409090909091 0.409090909091
3 0.181818181818 0.0909090909091
4 0.454545454545 0.318181818182
0 0.3181818181818182 0.4090909090909091
1 0.5909090909090909 0.36363636363636365
2 0.45454545454545453 0.2727272727272727
3 0.6818181818181818 0.6363636363636364
4 0.4090909090909091 0.45454545454545453
5 0.2727272727272727 0.2727272727272727
6 0.36363636363636365 0.3181818181818182
7 0.4090909090909091 0.3181818181818182
8 0.4090909090909091 0.4090909090909091
9 0.3181818181818182 0.4090909090909091
0 0.2727272727272727 0.22727272727272727
1 0.5454545454545454 0.45454545454545453
2 0.3181818181818182 0.2727272727272727
3 0.5909090909090909 0.4090909090909091
4 0.13636363636363635 0.13636363636363635
5 0.45454545454545453 0.36363636363636365
0 0.454545454545 0.363636363636
1 0.272727272727 0.318181818182
2 0.636363636364 0.318181818182
3 0.454545454545 0.545454545455
4 0.363636363636 0.363636363636
5 0.454545454545 0.318181818182
0 0.318181818182 0.272727272727
1 0.409090909091 0.409090909091
2 0.363636363636 0.409090909091
3 0.272727272727 0.272727272727
0 0.636363636364 0.590909090909
1 0.590909090909 0.590909090909
2 0.590909090909 0.545454545455
3 0.272727272727 0.272727272727
4 0.5 0.409090909091
5 0.409090909091 0.318181818182
6 0.409090909091 0.454545454545
0 0.545454545455 0.363636363636
1 0.5 0.409090909091

