8 0.252173913043 0.247826086957
9 0.247826086957 0.252173913043
10 0.195652173913 0.226086956522
11 0.234782608696 0.217391304348
12 0.226086956522 0.234782608696
13 0.247826086957 0.24347826087
14 0.234782608696 0.239130434783
15 0.247826086957 0.234782608696
16 0.24347826087 0.226086956522
17 0.234782608696 0.239130434783
18 0.217391304348 0.204347826087
19 0.25652173913 0.265217391304
20 0.204347826087 0.2
21 0.252173913043 0.273913043478
27 0.217391304348 0.213043478261
28 0.226086956522 0.221739130435
10 0.234782608696 0.24347826087
11 0.217391304348 0.230434782609
12 0.252173913043 0.239130434783
13 0.252173913043 0.239130434783