0 0.658823529412 0.635294117647
1 0.670588235294 0.682352941176
2 0.647058823529 0.658823529412
0 0.6705882352941176 0.6352941176470588
1 0.611764705882353 0.6352941176470588
2 0.6 0.6470588235294118
3 0.6352941176470588 0.5882352941176471
4 0.611764705882353 0.6470588235294118
5 0.6352941176470588 0.611764705882353
6 0.5647058823529412 0.5764705882352941
7 0.6588235294117647 0.6
0 0.647058823529 0.694117647059
1 0.670588235294 0.623529411765
2 0.647058823529 0.623529411765
0 0.6 0.611764705882
1 0.635294117647 0.647058823529
2 0.6 0.6