0 0.234782608696 0.217391304348
1 0.195652173913 0.182608695652
2 0.217391304348 0.208695652174
3 0.247826086957 0.213043478261
4 0.24347826087 0.24347826087
5 0.234782608696 0.213043478261
6 0.213043478261 0.221739130435
7 0.217391304348 0.260869565217
8 0.226086956522 0.213043478261
9 0.221739130435 0.226086956522
10 0.217391304348 0.213043478261
11 0.208695652174 0.191304347826
12 0.213043478261 0.208695652174
13 0.208695652174 0.186956521739
14 0.230434782609 0.230434782609
15 0.204347826087 0.213043478261
