0 0.954545454545 0.590909090909
1 0.727272727273 0.363636363636
2 0.5 0.363636363636
3 0.727272727273 0.318181818182
0 0.5 0.409090909091
1 0.772727272727 0.5
2 0.772727272727 0.5
3 0.363636363636 0.454545454545
4 0.636363636364 0.272727272727
5 0.863636363636 0.636363636364
6 0.590909090909 0.409090909091
0 0.772727272727 0.363636363636
1 0.409090909091 0.272727272727
2 0.590909090909 0.409090909091
3 0.454545454545 0.318181818182
4 0.772727272727 0.363636363636
5 0.727272727273 0.363636363636
6 0.863636363636 0.363636363636
7 0.409090909091 0.363636363636
8 0.590909090909 0.5
0 0.6818181818181818 0.3181818181818182
1 0.5909090909090909 0.36363636363636365
2 0.6363636363636364 0.45454545454545453
3 0.7727272727272727 0.5454545454545454
0 0.36363636363636365 0.2727272727272727
1 0.6818181818181818 0.36363636363636365
2 0.8636363636363636 0.45454545454545453
3 0.2727272727272727 0.2727272727272727
4 0.6363636363636364 0.3181818181818182
5 0.5909090909090909 0.5
6 0.6363636363636364 0.5
0 0.636363636364 0.454545454545
1 0.772727272727 0.318181818182
2 0.636363636364 0.5
3 0.636363636364 0.454545454545
4 0.727272727273 0.454545454545
5 0.5 0.409090909091
6 0.681818181818 0.545454545455
7 0.727272727273 0.5
0 0.545454545455 0.5
1 0.681818181818 0.318181818182
2 0.5 0.409090909091
3 0.772727272727 0.272727272727
0 0.772727272727 0.318181818182
1 0.727272727273 0.545454545455
2 0.681818181818 0.5
3 0.863636363636 0.545454545455
4 0.818181818182 0.363636363636
5 0.5 0.363636363636
6 0.681818181818 0.318181818182
7 0.590909090909 0.227272727273
8 0.772727272727 0.636363636364
9 0.363636363636 0.409090909091
10 0.545454545455 0.454545454545
11 0.727272727273 0.636363636364
0 0.772727272727 0.5
1 0.590909090909 0.181818181818
2 0.590909090909 0.409090909091
3 0.636363636364 0.454545454545
4 0.454545454545 0.454545454545
5 0.954545454545 0.318181818182
6 0.636363636364 0.227272727273
7 0.636363636364 0.318181818182